1
683
23 37 452818
22 47 404362
28 36 426061
10 16 690914
2 32 574130
13 32 54481
38 43 678204
27 38 194371
6 34 493755
9 48 246418
16 28 796911
12 26 304296
17 18 172597
26 29 924065
27 41 903359
32 40 827313
7 46 36457
14 46 470370
27 44 467749
24 28 201477
17 48 746410
14 22 213469
23 32 286060
39 44 430133
19 24 257538
1 31 602702
6 40 941693
4 42 839450
12 23 989412
23 25 63879
11 28 486734
5 22 954936
10 29 308210
33 37 771066
37 46 649898
2 25 403103
27 37 694086
16 46 591883
0 11 413684
1 42 944698
18 21 880815
11 13 967381
16 25 20376
9 33 94529
1 45 970722
8 46 230292
1 24 690118
23 44 975582
27 28 852540
7 23 3473
26 46 707289
8 36 511809
6 32 397916
21 48 522983
21 41 251458
43 44 719314
19 48 559369
14 43 789736
13 29 146242
26 45 475458
5 12 31826
0 46 616321
7 23 694480
10 25 910315
2 47 358295
3 28 990734
2 3 507169
18 44 859716
25 34 253400
17 32 229737
41 48 556916
8 12 189127
23 39 845387
44 48 984923
0 34 5397
5 19 775181
18 48 823580
17 29 418061
22 41 605713
16 28 895147
25 43 45739
6 32 189392
15 45 110033
10 35 485098
9 23 811208
19 23 244233
22 26 448365
29 48 12296
28 41 294867
21 46 375190
16 22 384609
5 12 757463
30 44 706252
3 47 444080
43 45 441631
26 35 229925
38 48 886527
2 10 584240
21 48 617502
20 33 359286
20 23 763629
27 30 782455
9 37 687213
14 45 357781
13 47 427283
0 6 851765
3 16 159498
29 40 488435
30 41 855989
11 47 459936
7 10 585122
32 38 574142
26 38 99192
0 29 75644
12 40 6598
14 19 104839
10 18 833730
22 38 404970
13 28 93312
7 15 20535
21 44 498632
13 46 315769
7 15 402013
39 41 713625
14 24 70880
37 40 342333
0 38 679410
6 8 172172
7 13 398123
11 28 460522
18 41 457680
2 18 747440
12 16 701920
2 25 776126
7 12 184696
15 45 891431
25 35 793180
15 17 892436
4 13 285676
1 34 721172
1 4 273549
31 45 744342
0 4 610047
10 36 854720
6 36 278196
1 4 219312
13 14 496513
10 47 731492
25 34 799335
2 12 911102
9 14 169144
23 43 771636
36 40 607904
39 48 208263
6 22 264235
1 39 347077
6 18 454878
14 35 931661
22 41 828500
9 21 38592
22 23 629782
13 46 631108
20 24 992051
3 14 241551
22 26 738660
0 36 130139
10 33 539945
5 41 301705
9 42 12084
11 14 799265
31 42 475545
17 21 908073
25 32 91348
3 33 761340
14 36 841542
7 48 214871
4 18 774461
8 11 632820
15 19 715750
11 47 345189
6 23 993024
13 47 997290
20 43 100377
11 40 83550
30 47 859994
11 48 48952
27 48 918356
0 33 45111
13 36 988822
15 39 516631
40 43 453652
45 46 651795
3 43 928418
19 37 671909
27 47 89550
17 20 539033
0 36 750461
18 31 420367
31 33 948524
24 26 15991
38 40 94137
5 33 379000
16 28 189066
13 34 852845
36 44 1774
31 48 924801
14 26 585567
41 46 497033
8 41 246415
11 40 480047
1 20 635306
21 25 552633
10 43 220063
18 20 917298
11 41 318754
8 34 153982
31 43 14213
29 42 712482
18 29 378635
23 25 286729
42 43 438703
5 15 823177
14 31 598585
15 36 909808
21 25 150547
38 45 853930
7 26 193339
30 44 57566
3 46 197107
7 21 460344
5 38 810942
11 41 923487
14 33 908749
24 33 443909
32 47 965614
1 17 344495
7 27 324291
39 46 640368
10 13 31081
2 38 950786
29 36 920681
11 32 743469
13 15 103782
27 48 312602
37 46 688017
11 35 21719
5 21 847027
21 32 611163
4 17 199746
30 40 300658
3 12 323203
20 38 931612
31 39 577756
1 13 840836
21 44 45378
18 45 766325
27 45 88437
17 45 569317
23 26 418212
4 30 472564
17 38 659076
9 33 963800
14 39 694866
18 43 601008
14 38 877203
3 48 385216
1 17 666521
13 39 340894
19 24 301705
6 39 48595
7 24 402176
6 33 612626
36 40 297850
2 36 224513
2 5 130891
5 27 780305
34 35 761923
35 38 823947
39 45 315688
1 28 545482
24 41 597687
7 27 14047
20 42 530672
28 31 932704
26 29 935838
3 45 315485
1 12 114598
14 28 410797
31 39 451864
23 28 299092
4 43 991207
26 27 387588
25 30 810078
21 36 68176
12 38 674173
6 12 42339
18 38 982373
1 40 541925
22 45 265556
2 14 429795
29 34 542807
3 44 626214
3 8 703163
3 14 937887
2 5 903696
12 44 893604
8 45 311314
5 40 913452
17 39 218893
15 48 146311
23 37 298352
14 27 244425
29 43 361271
5 12 527877
16 23 215248
43 48 765649
11 28 677923
6 16 516148
11 39 449707
0 10 326170
12 37 49105
22 46 259167
10 13 744364
42 43 868198
17 25 124941
22 33 64875
7 32 464327
26 37 866469
8 43 403266
39 41 415588
0 43 958043
42 45 547243
34 46 310484
36 44 421167
15 21 106196
12 41 56115
0 47 923509
29 46 947336
29 43 299991
18 22 448604
4 22 214385
25 44 319894
11 16 407178
1 29 349054
30 47 913950
1 34 116571
26 36 978125
8 20 983694
14 23 673955
6 36 552660
0 35 803361
33 48 96525
19 29 535400
40 48 547303
14 24 374512
6 23 329958
1 37 848675
23 38 785339
6 26 11688
13 33 365214
11 45 813846
15 43 97075
8 44 864408
34 42 541414
14 21 763113
1 15 85728
2 45 942717
0 47 741317
3 31 95048
26 32 290534
5 40 278965
7 32 413158
24 38 664887
3 42 831448
2 34 197398
33 41 568387
13 22 710299
33 44 985485
2 45 875620
11 37 778296
18 25 269644
19 27 509802
11 48 934440
31 43 218288
3 40 122296
1 40 508270
10 15 754088
9 17 906336
15 25 195209
8 25 753589
18 46 248534
6 47 553248
2 29 161279
1 7 112285
5 15 529097
4 32 200847
19 41 671052
25 37 249152
2 28 549363
28 47 974056
21 44 605842
35 43 815305
5 47 552187
12 15 431013
25 43 674438
9 30 556149
20 48 132585
10 23 717029
2 6 166629
21 36 437816
37 47 89933
26 48 637474
25 33 963568
10 45 896319
19 31 631210
10 27 721476
22 33 520408
10 31 231851
21 24 995477
32 43 357794
15 39 254380
40 43 656758
12 38 986656
20 34 875654
7 38 334989
5 41 7498
8 38 634075
16 43 717559
21 36 449495
23 41 245885
4 6 126040
5 12 881816
7 22 871369
7 45 539723
21 35 748843
0 44 157739
1 27 310502
1 42 716446
26 29 563056
1 46 110518
15 43 663483
6 21 807001
14 18 593396
11 34 770986
47 48 247619
10 25 896613
37 46 955344
3 5 249316
5 42 655490
19 28 736790
20 21 158120
2 43 705678
10 29 839374
31 42 2938
20 25 690802
5 34 555894
37 47 358194
18 26 136465
32 46 588244
18 28 704292
11 21 603274
32 36 377644
3 34 374985
31 48 5570
0 8 280943
0 42 420203
41 42 538554
22 33 787229
7 25 34499
15 27 598215
39 45 58617
0 39 455366
1 36 119746
20 29 397013
14 28 410011
4 20 782794
2 22 335469
27 39 18209
36 38 572067
7 37 323838
35 38 37060
30 33 46606
18 35 205027
45 48 967559
2 40 145510
26 31 560938
2 43 273294
35 48 993164
23 37 969960
2 47 817561
6 42 814695
13 27 463202
16 28 362808
20 33 835595
4 40 587754
17 35 266600
41 45 207864
3 34 304495
15 19 632838
0 5 158363
14 19 617720
22 23 882517
18 36 938599
29 30 481225
4 6 859024
13 14 884278
14 40 507602
1 31 798184
28 31 67799
11 38 162972
7 19 331405
16 47 354829
19 20 435581
26 45 923269
6 30 849132
8 26 227042
19 39 321849
12 31 559075
30 31 437175
12 44 123781
1 38 252230
21 41 783199
39 47 98460
3 13 415767
7 42 371515
37 45 769792
35 40 744331
40 44 510201
5 24 921995
5 26 111236
0 18 743186
17 46 649256
14 26 402302
1 8 593372
6 35 33167
3 5 259496
15 41 276473
17 48 421885
4 8 984608
13 15 700632
16 41 658555
21 42 816924
40 47 719952
4 14 818329
1 48 20305
2 34 631741
23 29 908837
26 37 609818
34 42 375561
16 28 281998
34 40 330164
6 42 202063
33 43 349191
12 41 162867
22 31 307886
34 37 826852
7 27 881088
21 34 19252
1 20 138031
9 40 305048
17 45 808125
22 40 375223
9 24 540825
27 43 902077
1 46 324605
36 42 368575
1 24 583344
32 47 981078
10 23 304454
39 42 698205
13 36 478292
5 48 569287
27 44 268352
2 10 862876
34 44 397709
11 38 458458
6 45 471824
12 25 793204
7 25 79695
12 15 771873
1 18 619969
7 19 838579
13 40 28680
5 17 548893
38 48 853242
0 15 772717
22 39 672388
11 35 511462
8 18 958557
4 14 271506
27 48 715103
0 1 418242
8 40 993993
39 40 426592
8 30 582494
1 7 319798
14 29 590947
8 34 260617
3 21 51973
3 47 637426
17 47 23313
10 25 258835
7 42 108611
27 41 723379
18 47 31503
1 14 641977
15 30 235461
13 33 673662
20 42 848304
17 32 267473
24 40 788953
3 48 544384
11 38 300733
27 38 136301
26 34 312603
18 44 526
19 33 698169
7 20 754564
19 45 686073
26 48 943194
5 29 391737
9 27 261344
23 46 502941
25 27 428787
24 33 186735
15 46 246299
16 32 181291
32 36 984728
22 42 683337
18 35 691062
2 33 255861
34 42 922700
6 23 290919
31 36 226470
14 40 248418
29 37 778732
30 42 543603
14 22 354393
13 27 17924
40 46 856125
19 23 530061
5 21 974881
16 37 969605
1 20 116737
5 47 100666
29 38 376968
41 43 514991
8 10 939160
4 6 966074
5 48 639025
3 39 964249
4 47 114087
29 34 806496
12 32 852281
12 24 823084
29 45 775015
12 20 41773
0 9 641646
35 38 630714
23 38 954771
19 44 349554
2 26 194422
39 41 963669
26 30 275735
5 25 444189
4 5 624736
8 28 549715
42 47 675245
22 23 449487
20 39 153191
1 6 492505
37 40 551157
0 38 682589
1 25 661220
35 40 36630
15 37 73927
36 38 503539
31 48 274355
1 36 865827
0 3 743488
0 25 618045
11 38 788741
16 19 57361
