1
202
26 48 243487
26 31 10607
24 47 701794
7 45 126608
1 9 139579
17 44 644399
8 20 5024
1 31 842079
13 25 51066
7 8 364298
40 46 966295
2 9 308151
13 31 187667
29 31 998730
13 45 219398
12 28 60987
11 26 438071
0 5 582766
36 46 738853
15 25 796419
34 39 395074
13 40 506448
22 36 279659
3 15 191144
8 40 495346
27 42 842984
43 44 126066
33 39 32437
8 42 840672
22 34 106800
20 30 561860
2 42 125106
26 31 397196
0 45 764617
8 11 726640
1 48 776461
18 24 866050
17 19 979875
4 33 317031
2 33 854545
31 45 214387
0 36 305818
16 26 619101
11 28 527619
25 29 682829
19 30 248155
1 38 399712
25 37 873379
22 27 73987
8 14 595186
10 23 619806
2 11 145967
32 35 53619
23 37 672570
1 26 429965
4 6 769074
29 40 535595
5 42 311223
27 32 248158
1 41 244742
36 41 232325
32 47 81887
27 38 986689
26 45 111257
16 48 392047
0 22 548934
9 18 288172
11 24 848358
9 48 878869
24 47 173927
33 37 264991
2 36 102424
9 26 50247
10 35 16023
3 31 969650
6 27 609315
8 18 964051
1 36 596404
26 27 411048
7 11 216707
13 34 272200
0 30 963166
38 44 934485
12 45 795565
4 42 358777
4 46 816950
6 41 317901
1 42 518209
7 23 29127
25 32 826614
26 30 733578
10 43 921966
1 47 561679
8 46 915962
40 42 539331
13 37 10092
25 37 143641
37 43 722980
1 22 92171
3 32 174004
0 34 293438
14 28 113283
15 25 703260
34 39 454560
3 4 853243
5 8 47052
6 47 285350
13 29 590949
9 22 849561
11 35 691579
13 20 806443
2 21 380309
5 45 597556
2 31 483056
31 37 108742
12 19 803600
13 48 817576
10 26 809030
20 26 827868
26 38 147257
4 45 19414
12 38 823483
19 30 586865
1 39 42339
21 27 225669
1 40 270460
13 23 926261
6 16 496262
0 36 869097
11 43 774580
5 9 264676
7 12 353884
4 33 251723
3 19 167686
27 47 141149
27 35 623671
11 43 920857
22 39 813592
0 44 591368
11 43 244341
3 47 623077
31 43 198343
28 45 537052
17 26 515979
7 16 993043
3 32 573707
7 22 152059
37 42 899210
6 26 32877
3 38 449198
7 39 881515
9 35 764223
22 43 457950
26 43 96741
4 20 144385
9 14 65755
26 41 711971
3 47 503522
9 21 7237
13 47 314754
14 40 976689
19 29 898274
1 25 612690
28 35 680821
1 42 500275
1 46 669404
0 25 410013
4 44 982456
5 14 951838
25 43 913065
8 22 43106
18 28 344172
9 33 494323
0 25 33309
0 35 207134
35 46 540164
29 33 899422
5 12 337298
9 19 57421
7 10 453923
6 17 686373
5 11 661006
1 39 300605
42 47 620595
19 31 970657
18 31 742766
3 11 302499
10 31 794580
18 35 824526
36 44 981591
13 14 27723
36 43 15500
15 29 498549
16 23 722183
36 47 322065
37 44 159636
33 47 141289
3 20 488488
0 33 929662
14 40 141796
5 33 265621
32 33 944334
